0.000000e+00 4.755122e-07 
9.450000e-01 3.704958e-06 
1.890000e+00 1.118022e-05 
2.835000e+00 1.525036e-05 
3.780000e+00 1.025592e-05 
4.725000e+00 8.585747e-08 
5.670000e+00 2.477093e-08 
6.615000e+00 1.056030e-08 
7.560000e+00 3.811214e-09 
8.505000e+00 1.007318e-09 
9.450000e+00 4.557952e-10 
1.039500e+01 1.919909e-10 
1.134000e+01 2.655382e-11 
1.228500e+01 8.629770e-12 
1.323000e+01 2.545095e-12 
1.417500e+01 6.713513e-13 
1.512000e+01 1.540829e-13 
1.606500e+01 2.930422e-14 
1.701000e+01 2.953330e-15 
1.795500e+01 2.953330e-15 
