0.000000e+00 2.566550e-05 
9.450000e-01 2.845885e-05 
1.890000e+00 3.614601e-05 
2.835000e+00 4.829290e-05 
3.780000e+00 5.949026e-05 
4.725000e+00 7.250466e-05 
5.670000e+00 8.260091e-05 
6.615000e+00 8.334530e-05 
7.560000e+00 7.434659e-05 
8.505000e+00 6.330435e-05 
9.450000e+00 2.144172e-05 
1.039500e+01 4.223785e-06 
1.134000e+01 1.781851e-07 
1.228500e+01 6.704404e-08 
1.323000e+01 2.614025e-08 
1.417500e+01 9.340905e-09 
1.512000e+01 2.779267e-09 
1.606500e+01 6.562562e-10 
1.701000e+01 7.776397e-11 
1.795500e+01 7.776397e-11 
