0.000000e+00 7.083175e-06 
9.450000e-01 9.338307e-06 
1.890000e+00 1.537210e-05 
2.835000e+00 2.472350e-05 
3.780000e+00 3.541448e-05 
4.725000e+00 4.009725e-05 
5.670000e+00 3.648096e-05 
6.615000e+00 1.963285e-05 
7.560000e+00 7.113067e-07 
8.505000e+00 5.862444e-08 
9.450000e+00 2.841497e-08 
1.039500e+01 1.393652e-08 
1.134000e+01 2.766135e-09 
1.228500e+01 1.068514e-09 
1.323000e+01 3.774266e-10 
1.417500e+01 1.227276e-10 
1.512000e+01 3.520655e-11 
1.606500e+01 8.601831e-12 
1.701000e+01 1.130110e-12 
1.795500e+01 1.130110e-12 
