5.555556e-02 -6.077721e-19 
1.667588e-01 0.000000e+00 
2.782386e-01 -1.749196e-18 
3.901797e-01 2.642460e-17 
5.027679e-01 1.237053e-16 
6.161898e-01 5.956615e-16 
7.306335e-01 1.864832e-15 
8.462889e-01 4.493534e-15 
9.633475e-01 9.118076e-15 
1.082004e+00 1.638219e-14 
1.202454e+00 2.687392e-14 
1.324899e+00 4.108429e-14 
1.449540e+00 5.939192e-14 
1.576585e+00 8.207904e-14 
1.706245e+00 1.093760e-13 
1.838734e+00 1.415327e-13 
1.974272e+00 1.789255e-13 
2.113084e+00 2.222210e-13 
2.255400e+00 2.726416e-13 
2.401456e+00 3.324132e-13 
2.551495e+00 4.055238e-13 
2.705764e+00 4.990299e-13 
2.864521e+00 6.253209e-13 
3.028027e+00 8.059674e-13 
3.196555e+00 1.078100e-12 
3.370384e+00 1.504865e-12 
3.549801e+00 2.192132e-12 
3.735105e+00 3.314583e-12 
3.926603e+00 5.156179e-12 
4.124613e+00 8.170648e-12 
4.329462e+00 1.307248e-11 
4.541490e+00 2.097440e-11 
4.761050e+00 3.359012e-11 
4.988504e+00 5.354508e-11 
5.224231e+00 8.473354e-11 
5.468621e+00 1.326918e-10 
5.722080e+00 2.049990e-10 
5.985027e+00 3.121177e-10 
6.257899e+00 4.690955e-10 
6.541148e+00 6.976202e-10 
6.835245e+00 1.028691e-09 
7.140676e+00 1.505173e-09 
7.457948e+00 2.187538e-09 
7.787588e+00 3.160453e-09 
8.130141e+00 4.541214e-09 
8.486177e+00 6.489939e-09 
8.856285e+00 9.224498e-09 
9.241079e+00 1.304069e-08 
9.641197e+00 1.833751e-08 
1.005730e+01 2.563753e-08 
1.049009e+01 3.562818e-08 
1.094027e+01 4.920496e-08 
1.140859e+01 6.745986e-08 
1.189583e+01 9.173385e-08 
1.240279e+01 1.235975e-07 
1.293033e+01 1.648112e-07 
1.347930e+01 2.174977e-07 
1.405063e+01 2.840047e-07 
1.464526e+01 3.665973e-07 
1.526417e+01 4.675206e-07 
1.590839e+01 5.888787e-07 
1.657900e+01 7.325330e-07 
1.727710e+01 8.998163e-07 
1.800385e+01 1.091668e-06 
1.876045e+01 1.308999e-06 
1.954816e+01 1.552769e-06 
2.036829e+01 1.824642e-06 
2.122220e+01 2.127343e-06 
2.211130e+01 2.466486e-06 
2.303706e+01 2.867503e-06 
2.400103e+01 3.350298e-06 
2.500479e+01 3.920461e-06 
2.605002e+01 4.577581e-06 
2.713845e+01 5.321357e-06 
2.827188e+01 6.153286e-06 
2.945220e+01 7.077796e-06 
3.068135e+01 8.104419e-06 
3.196139e+01 9.245081e-06 
3.329442e+01 1.051557e-05 
3.468266e+01 1.193655e-05 
3.612842e+01 1.353437e-05 
3.763409e+01 1.534283e-05 
3.920216e+01 1.740429e-05 
4.083525e+01 1.977368e-05 
4.253605e+01 2.251290e-05 
4.430738e+01 2.565822e-05 
4.615219e+01 2.923708e-05 
4.807353e+01 3.327900e-05 
5.007459e+01 3.781404e-05 
5.215869e+01 4.287004e-05 
5.432928e+01 4.846799e-05 
5.658997e+01 5.461976e-05 
5.894449e+01 6.132114e-05 
6.139676e+01 6.855508e-05 
6.395085e+01 7.627907e-05 
6.661098e+01 8.444759e-05 
6.938157e+01 9.296538e-05 
7.226722e+01 1.018288e-04 
7.527270e+01 1.106395e-04 
7.840301e+01 1.226996e-04 
