#"Position [0.0  1.0, 0.0] (m)-point 1 (m)","Mixture Fraction-point 1"
0.000000e+00 9.118248e-01 
9.450756e-01 6.783312e-01 
1.890151e+00 2.574567e-01 
2.835227e+00 6.876893e-02 
3.780302e+00 1.419801e-02 
4.725378e+00 2.898146e-05 
5.670454e+00 4.112363e-06 
6.615529e+00 1.215461e-06 
7.560605e+00 3.687712e-07 
8.505681e+00 9.770453e-08 
9.450756e+00 4.640685e-08 
1.039583e+01 2.065966e-08 
1.134091e+01 3.292197e-09 
1.228598e+01 1.165973e-09 
1.323106e+01 3.775358e-10 
1.417613e+01 1.096352e-10 
1.512121e+01 2.721577e-11 
1.606629e+01 5.558586e-12 
1.701136e+01 6.107834e-13 
1.795644e+01 6.107834e-13 
